30  23  22  15  14  07  06            37  38  45  46  53  54  61
29  24  21  16  13  08  05            36  39  44  47  52  55  60
28  25  20  17  12  09  04            35  40  43  48  51  56  59
27  26  19  18  11  10  03            34  41  42  49  50  57  58
                    02  01  00    31  32  33

Center: 127, 48
15  30  45  60  75  90 105  119   134 149 164 179 194 209 224 239

                                                                  16
                                                                  32
                                                                  48
                                                                  64
                                                                  80


x = 224 / (NUMBER_OF_COLS - 1) * COL_POSITION
y =  64 / (NUMBER_OF_ROWS - 1) * ROW_POSITION

NUMBER_OF_COLS = 16
NUMBER_OF_ROWS = 5